27280
28395
14135
17544
8756
45552
45321
35516
61463
52144
52280
25140
5075
22393
12750
11860
4656
46085
25025
33957
21279
61207
18609
28740
5982
29089
3183
6727
59502
18058
44956
22349
51074
41768
44683
57795
41996
40951
64545
47082
38411
30271
15079
2755
7164
50335
55601
59733
9803
15587
60800
49538
4807
8599
40425
30198
16380
21894
16743
5872
33510
43798
47020
54048
20271
6554
4809
60786
41907
33560
14582
1601
63513
35453
43791
53365
15837
26749
57732
65497
7285
49399
27758
25437
36575
50152
8137
24307
60805
47041
29037
25235
52209
49145
57048
16872
19158
58823
48164
1966
3685
15025
28445
50079
47960
16652
32844
1
5247
34309
31664
50854
50029
44914
43607
2821
52003
56851
51457
47556
14329
40650
1330
50288
1525
13155
27955
5100
29616
31207
18274
5097
9413
26655
19818
24494
258
62629
57239
15024
42593
26457
61136
53387
24710
46353
36861
32163
53795
36241
5426
34503
4282
46117
50890
63613
45789
45623
15450
55466
57707
52436
10723
15671
38644
49623
46230
12862
59947
21575
64145
230
10956
16663
3609
24320
12456
17034
52643
15747
3032
16596
35353
23320
10433
26394
37748
56937
25579
17383
31700
7165
48550
24832
4782
17289
46509
22383
57068
6826
32897
38507
51145
42399
33845
9907
60356
52170
61001
13315
37526
43985
59715
9181
7611
40045
31706
20578
47716
20894
32409
63290
62084
31803
15467
44130
39036
37368
14428
18104
42229
30781
33791
11575
43018
10993
61326
36801
18677
27546
56420
6530
53690
13150
25861
15823
63882
22009
223
22235
34957
10817
30317
24618
15631
31066
22951
24940
46268
40445
6205
25033
24346
64397
40364
31662
30883
34706
26792
61007
17068
27057
54900
41057
37647
64608
55544
49021
6806
9810
65267
5433
33133
59191
64469
26282
35141
32015
56226
6393
35748
4028
112
17944
58456
53476
30547
3044
37554
54614
17289
54832
48038
7298
58738
40379
53826
43316
43211
769
20144
50766
34745
186
50388
33059
40965
59010
20111
39923
6785
56643
311
13118
54040
25734
9698
41887
14397
50732
14189
59570
31428
13651
848
21331
55753
14819
27184
39972
16796
48201
3737
43239
38541
53462
8624
58990
28106
40988
33621
36771
3254
5586
39760
12986
50036
31349
59343
64143
59116
43343
59757
53566
13017
7441
14761
7393
27219
48341
36211
17956
61071
55983
46378
13343
21701
42995
21975
41026
63338
64088
53098
27106
6275
21618
12459
39378
34037
64472
5829
27998
12245
33724
13045
49978
62089
40068
61491
34560
22613
31654
19437
65172
619
39813
37757
4830
739
32021
64207
8337
22906
5466
15223
32957
10860
33567
58611
41432
3934
60997
15008
13036
4374
11704
22851
59915
4149
11218
34775
55101
6261
26360
42321
58376
54835
19881
25115
8153
1747
18063
40859
14614
45754
44641
56675
5036
37048
62204
61892
50959
30682
46345
34331
34998
60215
50323
31953
41920
54324
10375
52180
48258
32950
47723
43180
17922
7360
17945
36639
26989
40740
26041
36739
15187
37104
21657
444
10673
7141
52291
48319
9963
24341
20023
896
29496
30431
26329
42662
42387
53294
58080
18853
63924
64371
19726
8433
6075
2909
34180
59753
52873
47940
54176
50655
16795
53950
28392
21029
10367
1063
24374
47756
10072
29789
32956
24139
22346
8079
61826
17052
35180
60279
48162
58861
2394
48981
726
20096
60383
55132
36569
10431
46218
30903
36534
36574
8461
32384
37571
30910
42137
5087
54805
40679
59127
36274
31601
51674
60551
17245
15913
34478
17506
42091
54761
11873
14909
35924
57095
11702
63829
2228
61151
54013
22049
50514
51590
21845
33944
3622
44034
49290
60021
38679
51211
22955
63072
54504
25900
34066
2220
55213
25143
18236
1599
1730
53883
59570
50440
28073
14256
51822
43259
8603
62655
65087
11056
42614
23145
7557
45311
45065
30127
13026
49309
36856
11554
24795
55914
35262
24017
31501
50172
62186
28443
47194
509
55023
9755
24182
23276
206
35350
8339
11372
6943
7072
28677
59826
42314
60464
11497
29143
64717
50137
45525
58065
45129
13112
51116
55143
55542
28778
32959
30369
47940
13178
39962
40783
29305
31065
58900
44354
49525
28712
2470
40386
14015
42286
39269
40857
57330
28637
24314
44943
41522
7782
36761
46636
38888
29676
41612
34150
18547
63023
44968
3854
14950
32096
24018
38172
58709
40038
10411
28205
55939
14066
46922
10326
42248
58678
61487
26033
16334
20308
42750
11882
33526
11493
8947
46656
55359
2961
14389
44410
14416
60065
23925
16736
38448
23922
39530
27913
46143
35683
42238
19004
64523
38414
15052
47746
33066
48689
9499
11139
21680
57609
16080
63112
52139
29536
55457
6976
15557
4389
32682
61431
63741
45209
12464
4036
11892
60195
38307
61424
56339
951
61279
23305
46660
2071
39341
49253
41368
52953
46831
7221
21783
40119
685
58598
31887
57391
16832
14619
55412
61245
27470
46006
63061
51287
53865
11219
8110
2528
7269
64367
34347
10846
11927
37600
55689
17434
61232
26532
48542
53435
25261
7279
50026
37136
31223
58718
59501
43719
40767
6048
22596
7672
32995
56921
30651
63127
48349
45306
43711
44875
21507
16479
61877
49982
21968
41312
23374
22534
6877
60459
26620
42952
61627
57657
14385
39532
3336
21930
43118
912
27201
50083
6820
48630
16029
54663
30002
23717
42789
47062
421
10851
63116
27227
4624
31091
39809
53527
16412
58404
31762
28145
24192
41705
57100
8159
53584
55937
59379
4456
34043
5299
22920
55579
35830
37954
52518
18742
378
361
3546
17052
63799
60350
31758
12356
25123
47273
44374
24110
2698
63363
14985
53176
44704
28044
26700
22230
50752
61711
2647
42778
54162
54257
25573
50757
18438
59212
32425
18149
51494
19327
22724
631
8158
20149
45287
52668
27834
38760
8473
50689
12091
3436
39907
7887
12052
12861
26634
44952
41289
30103
1056
13863
51618
9582
16282
18376
32904
48340
39647
5606
9914
60487
7555
30187
47439
58268
14600
26034
35294
21097
41634
36809
3538
43989
58929
984
52850
28211
39903
31115
40379
12810
57177
30176
17508
53131
57033
40407
10383
63714
63511
23704
19393
48115
65335
57398
8007
47853
32837
52696
20783
55525
24248
3640
61166
8916
20352
48259
14019
62948
49566
48609
43821
40571
46832
25983
34231
49074
26844
64078
25863
56756
57660
3759
65259
1696
43819
39350
